MAE:
- vdeepmf : 0.8720050801427586
- deepmf : 0.9068698984123872
- vncf : 0.9059887430017599
- ncf : 0.8894284278636897
- vneumf : 0.8763456344638116
- neumf : 0.8553154847002901
MSD:
- vdeepmf : 1.3410326247696114
- deepmf : 1.5097372677619163
- vncf : 1.397145311237596
- ncf : 1.3742839396767346
- vneumf : 1.35603578023964
- neumf : 1.3228612139093425
R2:
- vdeepmf : 0.4566858797789344
- deepmf : 0.38833585384252567
- vncf : 0.4339520444355689
- ncf : 0.44321423966275075
- vneumf : 0.4506074100503258
- neumf : 0.4640479557809396